444
444
444
444
444
444
555
555
555
555
555
555
100
100
100
100
100
100
-100
-100
-100
-100
-100
-100
200
200
200
200
200
200
-200
-200
-200
-200
-200
-200
300
300
300
300
300
300
-300
-300
-300
-300
-300
-300
400
400
400
400
400
400
-400
-400
-400
-400
-400
-400
500
500
500
500
500
500
-500
-500
-500
-500
-500
-500
600
600
600
600
600
600
-600
-600
-600
-600
-600
-600
0
0
0
0
0
0
0
0
0
0
0
0
-1111
-1111
-1111
-1111
-1111
-1111
-1111
-1111
-1111
-1111
-1111
-1111
2222
2222
2222
2222
2222
2222
2222
2222
2222
2222
2222
2222
-3333
-3333
-3333
-3333
-3333
-3333
-3333
-3333
-3333
-3333
-3333
-3333
255
255
255
255
255
255
255
255
255
255
255
255
21.1061
67.8918
1337.1337
555.55
70.8918
11550060
200
200
200
200
200
200
666
666
666
666
666
666
500
1000
1000
1000
1000
1000
1000
0
3
